0
0
0
0
0
0
1
0
0
0
0
0
0
0
0
0
6146
0
1119
0
0
0
0
1
0
0
0
0
0
0
0
0
8304
0
0
0
0
0
0
0
1
6144
0
0
0
2
0
0
0
0
0
0
1
0
0
0
1
0
0
0
0
0
1
0
0
0
0
0
1
0
0
0
0
0
0
0
0
2
0
0
0
0
1
0
0
6147
0
1
1
0
0
0
0
0
0
1
2
0
0
0
1
8964
2
0
2
0
0
6442
1
0
0
0
9476
0
0
0
0
1
0
0
1
0
1
0
3292
1
6144
0
1
0
2842
0
1
0
0
8964
0
1
0
0
0
1
8304
9476
0
0
0
9283
1567
0
4923
0
0
7054
3151
0
0
0
0
0
2
2
0
0
1
0
0
2222
0
1
0
0
0
0
0
0
0
179
0
1
7742
0
0
0
0
1
1
9476
2
8304
0
0
0
0
0
0
8304
3434
7113
1
3434
6443
0
0
12144
0
11706
0
1567
0
579
0
1
3252
0
2
0
0
0
2
0
0
1
1
2
2
13774
0
3252
2
981
0
0
0
2
0
1
0
0
0
8985
3686
1
0
0
1114
2
2
0
2
1
0
5364
2854
0
1
4
1
981
16677
1
1
613
11131
0
2
1
0
0
1
0
0
2
1
0
5703
1
0
17064
1
2
0
7171
0
0
0
0
1
613
0
0
0
1
1
7118
2
10616
0
7
0
1
0
1
0
7402
1
10470
0
140
5720
5480
1
1
2
1
1
7606
0
5356
1
0
8794
1
20800
1888
1
0
2
2
69
4687
0
0
0
0
8881
1
0
1
2487
4687
1
2
2487
0
1
1
174
0
3686
0
2478
0
0
0
0
0
4101
1
1
10164
1
1
9508
2478
9392
0
3
1
0
4
1
5720
1
1
1
19460
1
0
0
7965
1
2
1
10730
21554
10235
1
0
1
4336
1
1653
1
0
0
1
1
0
0
5725
0
4101
0
2
8774
0
0
0
2
1
69
0
1
2
2
2
4378
3
4077
0
12495
0
1
9830
0
1468
1
1
1
2860
18023
9760
69
2
0
4
0
0
0
1
1
3
5272
9081
1
0
0
1
0
6438
0
16743
3
10126
0
2
0
0
0
1
0
1
0
5104
6443
3
7381
3
1
2
1
3
4077
0
1
5272
0
13847
0
7569
1
2
0
1
0
2563
13847
0
3638
259
2
1
0
8006
1
768
0
0
1
4101
6443
0
0
7646
0
10842
5129
0
11562
0
1
17667
1
0
0
2881
1
1
1
11375
0
4162
1
2
0
0
3
0
2
9763
0
0
3
0
1
1
0
5272
0
6022
0
0
3
0
2860
0
0
0
8356
6216
1
10982
0
3
3384
0
1
1
0
10664
0
0
0
0
2680
0
8882
16817
8356
2860
0
136
1
1
6022
1
0
0
0
0
17744
1
1
2
0
0
0
1
0
0
9747
1
2
1
0
10762
0
3399
0
1
0
1
12944
0
8356
8147
2350
1
1983
1
9181
10664
17783
6556
0
10842
2
1
22553
0
2
1
2
0
9527
2
6734
8342
8342
0
4457
18087
7019
9763
8438
10982
22553
0
0
0
3399
4
1676
1
0
6765
2
1
0
0
2
1
2
0
1
0
1407
0
0
0
9527
1
1983
1
2
1
3638
2
1
3641
2
3641
3
9763
0
0
0
0
643
0
1
11048
0
16414
0
2
1225
2525
0
0
0
2
12967
0
10249
1
1
0
1
0
1
1407
2
0
1
0
2
18087
0
16414
0
643
2
2523
1
2
2
2
0
5357
0
6350
2
18087
16039
3641
0
8207
0
1
1407
0
0
12893
0
2
1
0
1
18575
1
1
0
2549
3
0
1
1
0
643
2
6945
1
16039
0
0
0
2
2
0
1
0
1
0
0
0
12934
7990
1407
7441
7982
0
8181
1
0
6576
0
7036
7982
7284
0
2
6510
0
1
2
0
2063
2
4035
3
0
2
1
1
1
12211
0
15617
0
1
0
4228
5845
0
1059
0
14676
1
2
0
2
3
0
1
0
0
1
1
0
2
0
0
1
2
1
0
0
0
1059
4711
1
1
8509
1059
0
0
1
10459
1
0
12716
1
1
18073
1
12934
2
6329
0
0
3
1
0
2
5266
2
0
0
1
1
0
0
0
3
5403
8376
1632
1
10459
1
6510
0
0
8376
1
1
2
8483
1
1
5726
5845
0
6208
0
2
1
2
1
1
2
6350
154
2
2
0
2617
3
0
5726
8798
0
6329
10578
16968
5179
2
1
1
2
0
1
0
0
3248
3330
2
14809
2
6265
2
1632
0
0
6083
8984
10143
7831
0
2869
2
6129
0
2
8984
0
3
8483
0
10143
0
3
2
8044
0
0
2359
6422
0
0
0
0
0
0
1
0
1
1
0
0
0
2303
2
5653
6794
1
0
3
4744
0
0
0
8951
17443
0
17443
5403
8798
14301
1
1
0
0
1
2142
1
1
2869
1
0
1
0
0
2
14469
0
9443
2
9443
1
1
1
2
0
1
0
0
0
4
0
0
0
0
1
0
9382
3784
0
4565
0
9020
2869
3
14712
9382
9045
4
6265
1
1
0
1
0
0
9382
0
21202
1
0
0
6398
0
263
0
3
1
6864
0
0
11117
1
2
8951
17236
2
1793
0
0
0
1
17236
9765
5799
1
0
3784
1
17481
1
9862
13525
0
19937
0
1
1
9862
7942
7890
2
1530
0
1
1
8466
5521
9443
0
0
3
5054
0
5034
1
1
0
1
17236
1
3
0
3
3
0
0
20146
1
1
1
2774
14868
9362
9362
1
1
0
7942
0
0
2
1
9443
5383
1
2
0
1375
9316
0
0
6879
9316
1
0
0
0
12098
9362
0
15159
1
1
7113
1
12764
0
2
0
1
2
2169
1
1
1
2161
12098
30637
0
6676
0
3
0
3761
2
0
0
7441
7726
19368
0
12640
0
0
1
2
13531
0
0
1
1
1
0
4522
2
0
0
0
2
10295
0
0
1
1
2
2705
0
0
0
5484
3
2
0
0
0
17653
1
1
0
0
0
9200
4
1
0
1
0
15176
0
4
1
0
0
25265
6879
7441
1
0
0
5180
67
9793
8253
107
8814
1
9100
1
0
0
1
12640
1
0
1
10846
0
8814
0
1
1
0
7109
4720
0
7550
0
0
3
5799
805
1
1
67
3576
6879
4
2
3642
0
2
10121
0
1
2
3
10031
0
0
0
0
10121
2
1
8302
0
0
1
0
1
7908
7441
8319
1
0
1
0
2270
0
0
0
1
97
0
0
0
0
1554
0
13782
5799
3
7072
0
0
1
0
0
3
1
0
0
0
8682
0
0
0
1
8689
3
0
0
3
1
2
1
15830
0
1
1
1
29291
1
0
0
2
29291
3
0
7109
0
10501
29291
1
7166
2865
3132
0
0
9154
0
6646
3
7803
8948
1
0
4936
0
4
18143
19302
1
0
0
6148
3132
7238
0
0
2443
0
24580
0
0
8369
12026
1554
1
7238
0
0
1
1
0
4
0
3
0
2
0
1
2
0
1
7002
2443
731
0
9317
3
0
9014
19144
6148
1
4
1
15437
3
0
1
0
0
1
3
9637
1554
1
0
1
0
1537
1
9650
0
0
2
0
6646
1
0
0
7253
21038
0
1027
0
2
4
1
0
3
1
0
16308
0
7068
0
2
15343
6471
1554
1
4997
4377
0
1044
0
1
2
0
1027
17789
1
0
2
0
1
0
0
0
1
1
6247
0
0
2
0
0
0
0
0
0
1
1
1
0
1
0
0
0
10659
0
12460
4997
20793
0
2
2
0
2
1
7253
1
1
12379
4
3
3
2
0
4795
9938
1
2
2
1
10193
700
7286
0
4
1
10193
6471
902
0
0
0
1
0
5
1
4874
4997
0
4
5
1
14415
0
8030
0
1
0
0
15432
2
0
1
0
0
994
0
9041
0
2
1
6203
1
0
0
0
3
5558
2680
9113
0
4046
4075
9574
0
2
5227
8616
902
0
0
0
0
0
0
11170
0
902
1027
0
4
0
3301
19141
2
574
0
1
0
4075
0
1
0
0
5558
2
7536
1
0
3
0
26460
0
0
11647
1
0
0
6482
9817
4941
0
6471
6617
2
11647
1
994
3
7745
9730
4045
4997
10685
16101
1
0
7474
2
0
0
16101
0
6622
7981
1
5956
5337
10994
0
1
1
1
0
0
0
4289
0
11647
0
0
1
0
1
2356
0
0
1
4817
6633
19408
1
2
0
0
0
0
0
0
0
0
1606
1
8062
12389
0
0
1
8353
8469
10096
0
2
2
1
0
2
11852
14769
14050
0
6482
0
6040
0
2
1
1
0
0
9721
11153
1
1
6003
0
1
19179
0
734
22720
0
1
0
0
0
7861
0
0
2
8062
0
0
5121
8815
0
12831
1
1
12668
14050
2480
0
2
0
0
0
192
1
1
14050
2
3
1
1
9464
7784
0
773
1
1
0
11022
1
0
2
8215
0
0
2
0
0
0
2
8062
1927
13855
0
1
2378
9389
2
9464
1
0
1
2
1
0
0
4495
1
20386
4495
1
2
83
449
1
2
1
1
1
8215
0
7539
1
2519
416
0
5399
11852
0
2
6489
7398
0
2
2
1
0
2
0
15768
3
0
0
1
660
4495
5072
2
0
11388
0
8469
0
2973
1918
15768
3528
1
2
0
0
9497
1
2
2
8469
1
1
2
0
0
1
1
0
5207
0
1
0
0
1374
2471
0
1
0
0
5976
0
8202
2
1
8827
8353
17307
0
0
11779
0
0
0
2
4
3
1
0
2
2887
1
0
3
5932
0
0
17961
0
0
0
0
3
0
0
5976
29544
767
1
0
2762
0
8574
5402
0
0
11350
2
6913
0
3
2
5402
2
2
33266
1
5976
0
0
1
0
0
8202
3410
0
17961
1
0
0
0
7683
5402
5479
7555
15804
10486
0
0
6407
1
0
0
0
14226
10317
2
11388
5869
2
0
0
0
0
9892
0
0
3
0
17374
3
5
0
1
36258
0
2463
1
2
3108
1
5402
767
8400
0
0
1
3389
1
5479
1
2
1
0
8507
2463
0
2
1
0
11779
1
6913
2
6622
2
7538
767
2
5994
1
0
2
0
10103
1
0
0
1
0
1
0
15194
7064
2
10352
0
2861
0
0
1
0
5184
0
8651
1
6090
2
0
1
1
2687
12879
0
1
0
3
1
1
0
1
4955
1
10352
0
0
1
2
69
1
0
2
11779
0
2463
4455
2
0
1
0
13468
0
0
0
0
14470
3
1
0
0
3
5914
1
8930
1
0
0
0
0
1
1
1
3
0
0
2
2
12879
6065
0
6090
1
9603
1
0
0
2
3445
0
16007
5994
0
0
2
0
1
0
0
7704
9460
0
0
2
0
19090
3
1
0
5914
0
0
9508
19027
0
0
1
1
0
0
1
1
0
13300
1
1
1878
0
10570
0
1
3546
9809
0
10570
0
8006
0
9841
8930
3
13300
2
0
0
0
0
0
0
1774
1
0
9809
0
1
0
6090
8635
0
12961
2
0
2
0
9603
1
0
7239
0
12598
1
2
1
2
13596
0
1
16007
1
11498
6065
0
1
6065
1675
3
3
1
15
0
1329
2
7239
0
17265
6250
1
0
1
0
6193
0
10998
0
4455
0
0
3
1
9184
0
18401
1
2
5920
0
0
0
3
1
0
0
10998
0
0
2998
0
13349
0
1
6250
0
0
6017
0
1
0
8773
1
1
6364
1
6846
2
1
0
0
2
6214
0
2
1
1
3
0
14331
3
1208
0
1
7239
0
0
0
0
0
6214
7318
7122
0
0
0
998
2
0
0
1285
0
4994
1
0
1
5523
12874
0
1
7122
0
0
1
1
2
1
1
8954
1
11560
0
2
1
0
7182
0
0
19255
1
15041
0
3
0
0
1
0
1
0
0
1899
0
0
3
0
0
0
0
7833
7122
0
0
0
0
0
0
2
1
0
11700
0
1
0
3733
0
0
0
8771
1661
10620
6976
11381
9652
1
3
7318
7759
9652
1
7490
6002
0
2
9344
1
15103
7318
9008
2
0
1
1
0
0
6844
9620
8547
11381
0
2
3
2003
15837
0
2
5903
0
19062
3
7759
9338
0
0
0
3
0
7490
0
0
1
0
0
0
0
0
0
3828
3828
5903
0
3
0
0
0
2
0
11700
1
0
27940
4082
2
1
1
0
1
1830
0
3
0
1
3
2
2
3
1
9008
0
0
8594
1
3
9344
3637
7321
8158
3
0
1340
2
0
2
3566
1
1
3713
0
1
0
2
3
3828
1178
0
3
3004
1
1
1
2
1
9176
7840
1
0
2
1
1
5196
0
5725
1
2
13086
9074
1863
1
0
1
21006
1
18382
0
5836
1
0
1
12264
1
5836
2
0
2
3071
6200
4
1
7384
18382
594
3808
1
0
5
5
0
1
1
5877
0
1
1
3071
1
9241
1
1
0
0
2
0
3
4217
0
0
4624
0
11257
0
0
9508
0
6009
0
12302
3
0
9177
1
1
0
4139
3713
0
0
0
0
9589
0
0
0
1
11257
12634
14543
1
0
0
11257
228
0
0
4624
8720
0
5725
1
1
11257
1
0
0
11155
0
0
0
0
0
2
8711
0
0
2
2
1
12930
1
0
13688
0
9241
0
2
0
1
2823
0
673
0
2
2
3061
1
4
0
0
1
13688
2
0
3060
1
16676
0
0
7639
2
2
0
0
1
0
9177
0
0
0
0
6308
1
2
0
1
1
228
640
1
2
0
22912
1
1
2245
3180
0
10421
0
0
11872
2245
14334
0
11107
19487
2
8711
12302
15003
0
2
0
9755
9009
0
11872
0
4140
10524
0
15552
0
1
2
0
3
1
2485
2
1
5457
6339
2
3
2
0
0
8104
9976
15552
16253
1
3060
0
0
2
3
0
1
0
7684
0
14579
530
0
19613
0
1
2
15552
8711
0
2
0
0
0
12838
17361
2
1
0
0
0
0
0
0
2
0
1
1
15552
7265
8687
0
6556
1
0
1
0
0
2
0
196
8687
0
14579
0
1585
0
0
8632
2
2
0
0
4424
18255
0
0
2
0
1
1
0
0
1
2
1
6104
8229
2
3964
2
0
8229
2
29986
0
0
2
1
0
0
530
0
0
1
1
7305
22595
2
8687
1
1
0
1539
3
0
2391
3
1
2
0
2
20555
0
7562
0
530
8104
0
8687
1
1718
973
0
1833
9658
0
2
2
0
7562
2
0
18373
6556
0
3
8570
0
0
0
13264
1
1
0
0
3
0
6914
0
0
2
8781
1
1
1587
6914
0
7265
0
2
1
2993
1
3
15562
2232
9114
8736
6784
6877
0
1
5576
849
1
0
0
0
1
1576
10820
2
15170
5858
1
0
0
1
1
3
1
0
1
1
2
2
30627
2595
12860
0
5500
8657
0
0
0
13989
6051
1
0
8781
7444
1
7606
0
30627
5603
2
0
6784
0
0
18373
1
1
2
3
0
1
1
8781
2
1
13727
0
1
0
11931
0
1
0
2993
0
1
0
0
0
0
0
5500
1
0
0
0
0
1
3
2
1
1
0
1
0
0
1
0
6961
2
8344
1453
1
598
5732
598
12080
0
12080
866
4
2
5732
6611
2
1355
0
0
28309
1
0
1
0
2
3
2
2
0
3478
4873
12860
1453
2566
5378
1
1
2092
1
0
0
0
2531
0
0
1
20900
1
6216
1
3290
0
0
0
0
9854
2531
1
7358
9854
4
16335
0
1
2
1
1
1
0
12039
4189
6772
0
2
2
14950
6493
1
3840
13463
2
0
3
0
14320
2595
1
0
11355
1
1720
0
727
3
12396
2
1
6237
0
14320
0
1
4337
0
3
0
2
2
6772
2
1
4873
0
0
0
0
1
5103
0
3879
0
1
0
1
6762
1
0
15178
0
0
0
0
8081
1
2
0
0
2456
2
13631
0
0
1342
0
2
4618
0
11270
2074
1
0
3226
0
1
1
0
6237
1
0
9761
3
0
0
2
14987
0
0
0
0
3
0
0
1
1
3
0
2
0
2
2
0
4090
0
0
3
6606
2
8098
16759
0
4877
1
1
0
1
1
0
3
0
0
0
0
9331
0
0
0
0
0
0
0
0
1342
2
9331
0
8332
4036
0
0
0
1
4843
0
0
3
0
0
1
2
4843
0
1
1
1
0
4843
9331
1
0
1
4639
1
5333
1
4943
4
1
3714
1
1541
0
2
4639
1
8319
2
0
19710
0
8548
1
2
0
1
1
3714
4843
936
16547
0
1
0
16547
8253
1950
1
0
0
0
0
1
1
0
3
16547
1
0
1
0
0
2
8253
5688
1
2
2
1
219
2707
1
0
3
3
8892
2
11685
1
0
2
1
1
2
0
5174
2
0
2
0
15543
5688
1
0
15543
0
1
0
2
0
4058
1
1
2
7028
0
2
1642
3
7697
7692
1
8969
1
0
3658
0
1
1
2
5688
0
1
0
0
0
3
1
0
1996
1
0
7323
0
0
1
0
0
4639
7220
0
1
1
1
7569
0
0
2
9177
13888
7838
1
0
0
0
0
0
1
7994
0
1
0
3
6046
0
2
0
1
9916
0
1
3633
0
0
1
9378
0
1
0
30052
0
1
0
0
2849
2
1
7254
1
1
7383
4058
2
3
2
1
4058
7994
0
4058
0
0
0
1
4607
1996
0
13134
2849
0
0
7994
0
2
0
7707
0
4058
0
2
1
0
0
7254
0
18908
7569
0
2
1
2
1
1
1
15110
9700
0
1
0
0
1
1
0
287
0
3
287
8136
3
0
0
0
4
0
9830
2466
3
0
0
0
5731
0
0
5152
12313
2
1
7022
1
4728
38280
14890
5443
0
0
0
3633
1
950
0
0
0
1
1
1
0
0
3
9740
0
7994
16054
7479
0
9090
7647
3716
12313
1
8735
0
2
9740
1
0
6818
4963
1
0
1
7479
0
0
2
2495
1
1
8521
0
8504
3
1
14890
2
1
6801
1
2644
1412
3716
0
10440
1
0
43851
16719
0
1
2
6168
1
2033
3
3652
1
2
1
0
9373
28427
1
2466
0
1
18982
0
16624
9276
1
2
1762
8521
2
1
0
0
28427
0
4636
1
4636
1
4284
18982
2
2
0
1292
0
2
1382
0
3
1
1
0
0
1
0
8626
2
0
1
7944
0
0
2
0
7944
3659
1292
2
2
3652
1
1443
2
1
0
3
0
0
3639
10440
8552
1382
2
4866
0
0
9315
613
2499
15605
29696
9315
0
3303
9399
0
5030
2
0
2
1
6168
1
2
1
9898
7061
0
2
3902
0
1
2
1
4713
2
1
11131
0
1
8552
9066
0
0
5
0
0
5249
6876
3427
6299
2
0
2
0
0
0
5734
56
1
0
1
0
0
3
4404
1292
1
1
4401
5734
0
1
2
1
6422
2
1
0
6678
0
0
2606
3302
2606
2864
7688
0
7970
1
0
0
8645
1
9501
23640
1
0
22272
6876
3
0
9898
9304
1292
21175
0
4
1
0
2
0
2
1
1978
0
8406
0
0
0
0
28910
0
16489
9617
2
0
0
1
0
8406
0
1
0
0
2
1
1
2606
2
0
1
1
1
0
2
0
9858
0
1
7776
6022
1
1
1
1
0
0
0
4
7776
6342
0
10763
3
0
5601
0
0
0
11284
1
7776
1
0
9858
0
0
0
5320
0
0
1
12645
0
6932
1
0
0
15448
4
2
3938
0
7090
1
15448
9617
2
0
1
1
6422
2
0
49
238
0
0
7097
1
17864
424
1
0
3
7968
0
2
7283
3768
1
0
1
0
0
1
11982
2
2
14718
6502
0
12850
0
1
0
9949
1
0
1
0
2
2
0
7096
17864
0
0
1
6342
14718
0
694
0
0
3
9652
1
0
0
4282
9980
0
0
2
0
0
0
0
8267
9132
0
7996
2
0
8604
7432
0
11982
0
0
1
0
2
26992
5100
1
0
0
0
3
0
9858
6862
6748
0
1
11982
1
0
2
1
12850
0
3
0
6730
0
3921
0
1
0
0
3
0
2527
0
2
0
2
228
1
1
0
2
6741
0
1
0
3
1
0
8603
0
8603
11982
0
17548
0
2
0
1
0
1
0
0
3
1
1
1
0
6862
0
2
0
2
0
8598
3
14053
3305
0
4330
0
1
1
9056
2
7736
0
1
0
0
9132
0
4869
1
11299
8438
8664
1
1
3305
0
0
7895
0
2
0
3
3
0
1
1
17268
0
5920
0
12171
0
0
3921
3
1194
2329
0
3
10459
0
2
2
2
13771
2
15282
2
14290
0
8682
0
0
9128
3822
0
0
2
0
12171
0
1
5782
0
1
1
2
0
0
0
6087
15282
0
7358
0
1
1
0
0
2480
0
0
2
0
14515
6262
3167
1
2
1
0
919
15121
1
3
0
10714
0
17146
0
0
20260
0
0
0
4303
1003
0
6233
0
2
0
8666
0
1
3305
1
6074
2
1
0
2
0
9803
0
0
5139
1
1
1
0
6074
1
1
10307
6659
7788
4211
1
0
1
0
1
1
9445
1
2
0
16477
0
6262
2
0
1
2
1
4994
0
919
0
1
0
0
7084
0
9547
1
0
3822
0
0
16477
0
2
1
1
3
0
0
12125
7260
1
0
1
7689
0
2080
1
4335
0
1
8956
2
1
1
2050
1
2
1932
1
919
3
9957
0
0
2185
0
0
0
1
9445
0
0
2520
2418
0
2927
7084
0
2
0
0
1
4
2
16696
0
15723
0
1
14900
0
4303
0
19782
1
2
0
0
1
0
2
19782
1
1
1623
2
11801
2707
9662
4335
10785
6323
9506
6115
2
16696
2
0
0
0
23242
0
1
0
0
1
0
0
12125
8346
13617
0
0
0
1
8031
1
2
0
8482
18602
20664
3855
16956
1
8188
0
15212
0
1
24146
1
18336
0
8188
0
16477
1
14900
2
0
9343
1
0
9025
5
0
9343
0
18691
0
0
13617
1623
0
2
1
0
2
0
16615
23242
0
7172
0
18405
1575
7611
8482
4369
1
0
2
1882
1
0
20664
0
0
0
1
1
0
0
1
5039
3855
1
0
2
11446
17412
3
10176
2
1
0
0
2
2
2
1
1
4
11446
0
1461
3358
23222
6800
5726
2
1
0
0
0
0
2
0
0
7611
0
1
0
1
0
23222
9984
1
0
4743
5465
13175
0
413
9343
3
0
4369
1
10
3
0
0
0
6419
0
1
9984
0
5039
0
0
1
0
9429
0
0
11369
1
0
3
1
1
0
0
1
2636
8372
6362
9451
1320
0
13617
8936
3206
0
0
0
0
0
8188
3
1
1
2
0
10176
9320
1128
17668
11369
8936
9977
0
2
5039
3
7611
2609
1
0
1
15499
5
0
9112
0
3
9410
0
0
0
0
0
0
8071
0
13761
1
13761
0
0
1
1
2
1
0
0
5033
1
1
2
0
7172
0
1
3642
2
0
1
1
8934
3151
0
4
0
5702
8845
1
0
1
2
2
0
5702
9305
0
0
1
2
2
9512
0
0
0
19998
2
1
9512
0
2
1302
1
2
3
0
4508
906
0
9305
3
7491
0
1
2
1
0
5956
2
0
2
0
0
1
1302
0
1
9890
0
17520
1
15285
17520
6509
2744
2
2
8155
0
4
0
2
1
0
13938
0
1
435
15406
1
2
0
5235
0
8968
2
1
0
1
1126
0
2
0
5235
2
1
0
1
2
1
0
1
5451
0
10145
0
0
2
8968
0
10262
0
3642
0
1
2
0
0
0
2
3
2
1
569
2
3241
9775
1
0
1136
9739
1
12201
3
5451
0
0
6932
0
0
0
9527
41
2
0
569
15688
0
1
0
1
0
0
0
1
6976
1
3894
1
0
0
5805
1
0
2
0
1
15829
0
10568
25962
1
0
0
0
0
6638
5444
0
2
0
1
1
0
0
0
1
0
11986
0
3241
2
2
0
2
0
1
1
1126
17636
2
1
1
0
1
2
3241
1
3465
2
2
13714
2793
0
0
1
0
5152
2
8052
2
0
0
3
0
1
1
1
0
967
0
0
0
2
0
0
0
8495
5493
0
1
458
2
4
2
5493
1
813
1
14630
1939
2
0
0
12969
15438
1715
0
3839
0
0
2
8495
5311
1
0
0
3
23293
0
0
9298
0
0
9739
0
0
6386
3
1
1102
5451
7646
1
1
813
1
0
5064
0
5064
0
12162
1
0
0
11365
14396
5602
16289
0
11365
3
1947
0
0
8495
3894
11986
1221
0
0
2
0
0
5064
0
5099
0
13714
0
2
0
1
0
0
0
0
1
1
1
1
0
0
3894
0
3
2
1
7639
1
1102
0
4770
4750
1
10851
0
1102
0
2
7132
2
0
10179
1
4
0
13284
0
0
1
0
10343
0
174
1430
6055
1
3
5345
1
12592
2
0
0
13136
0
3839
0
0
0
3957
1
0
0
1
1
10343
1
1
1
17889
1
6289
8050
1
1292
14905
0
7218
0
4385
2
9759
0
0
1
1
1
9764
1
0
0
7646
8558
3215
1
19761
0
1
1
1
1
2914
3930
12396
0
10179
4385
1430
1
1
2
0
2914
12592
1
1
10179
1
2515
2774
3301
1
2
9759
1
1
6987
3995
1
0
0
1
0
3
1
9047
0
1
0
1
1
1
0
1
1396
1
2
1
1
2515
3116
1
3
1250
0
2
0
1
1
8558
2
8050
0
538
2774
1
3631
0
3
2
1
0
2
6338
0
3158
1
0
3631
0
6338
3930
10179
5379
14662
3
2955
0
10179
0
0
0
1
1
0
1
0
3
1
1
1
9448
0
0
1
3
8022
0
0
3930
0
3631
0
13564
14662
0
1
14159
0
2
0
5724
1
2515
8456
2
0
0
8240
1
15935
0
0
0
2
0
1
3103
0
1
9734
2
0
0
1
9908
5459
1
1
0
0
0
0
0
2
0
11472
1
3158
3
0
1
2
3925
9309
0
6821
1
0
1
1
1
7024
0
1
0
1
0
1
0
0
0
0
0
1
1
0
2695
3584
2
2
3584
0
3
2
3
0
1
3631
3
0
0
1
1
8227
0
5971
3925
3925
2
2
1
2407
15074
0
1
25283
0
2558
0
0
8318
3116
1
0
0
0
3
0
10736
9908
0
0
7233
10736
0
1
0
0
7397
12079
0
0
12972
0
2
1
0
0
2
1
9700
0
1
6475
9204
0
4
1
0
0
0
2
1
0
2
0
1315
0
1
0
0
0
11376
5459
3
14137
2
2
25283
8853
12972
3074
3
6727
0
1
1374
1
1
20555
0
0
0
0
2
336
0
7266
0
5459
0
0
1
6019
3
11376
1998
3
0
3
3
2
6967
1374
2
0
1
8491
0
25283
0
0
3
0
16515
3
0
9236
0
5802
0
1767
1
11998
0
4
0
2212
10841
2
2
3925
0
9276
0
9383
1
2
1
5329
2
0
0
0
0
0
8920
22216
14500
1
0
0
8920
0
2
1
0
4
1
0
0
0
0
2
1
1
9502
0
4885
5329
0
5329
8385
0
0
1
1
0
0
9615
1642
8385
1
0
9236
0
0
1
0
1
1
0
9602
0
0
1
8920
2441
0
4667
0
1
1
0
0
0
1
13547
9378
0
0
0
1
0
1
2
1
12292
2
1
0
7141
0
1
3923
7854
0
0
0
0
4461
8079
0
13146
0
1642
0
1
2
2
0
4461
13141
1
0
1
3
2
15718
380
8799
2
7780
9451
0
0
17062
1
13146
1
9108
8940
1
0
380
0
1
2
1
0
2
0
0
9850
1
2
1
2251
1
1
0
2
10099
0
13141
0
0
2000
1
3051
1
0
2
18741
13146
0
13141
1
4381
0
0
0
1
14239
1
0
13735
3
17857
0
7169
2
2251
0
1100
2
7169
3
7169
1
1
0
8856
0
8797
2
0
2
0
18129
14386
0
1
2
0
700
1
0
1
2
0
8231
0
1
380
4503
2
10623
8513
10623
6843
0
1
0
1948
1
1
1
12752
7098
0
97
0
0
3051
8484
2
18129
7169
184
0
0
2
1
2
869
0
2666
8797
8275
0
0
1100
0
1
1
2
0
2
0
2
8797
4174
0
0
5279
0
700
1
2
1
2
0
12399
0
1
3865
7797
0
2
0
0
2251
11077
2
0
0
7797
1
5296
0
4503
1
2309
0
0
7169
7155
3
1
0
0
6121
0
0
0
2
4438
2309
6448
11234
1036
0
0
947
0
2
1
0
0
1
0
0
0
0
0
8931
3078
0
14164
13488
3865
1
7666
1
0
2
13381
1
2
8797
0
0
0
2
1
3756
0
2
6484
6991
1
3
2
13488
1
7050
4
0
2
0
2
2
0
0
12491
6053
0
5
0
7477
6006
1
10472
1
0
4342
9223
0
2
0
1
2
1
1
17632
0
0
0
0
2
0
9450
3
0
0
10866
2
0
0
0
0
0
0
2
7100
0
0
0
0
11476
2222
2888
1
0
1
13343
1
4923
3450
2
1
0
1
2
0
8761
0
3671
2
2
0
1
0
2
1
0
8709
0
1
1
0
0
18734
24420
25348
1
3671
1286
10307
0
0
8601
3560
2
1
0
0
0
0
875
5654
2
8321
9223
7667
8761
0
8812
1
1
1
4299
2
0
1
0
3
6991
7187
6991
1611
3
10307
2
11074
0
0
8335
0
0
4763
1
8180
0
3651
1
0
1
9749
1
9042
0
0
8601
7945
17095
2
7667
102
8474
1
1
1
1
5859
8180
2
1
9042
3
2
0
0
2
0
2
3671
6325
4167
0
1
7945
4424
1
0
0
7258
0
0
1
2
8792
3
2
3
0
0
1
3
1
9557
0
0
2
0
4763
0
196
0
0
1
1
982
15272
1
7667
1
0
196
1
0
3
1
0
17095
0
16333
16950
3
1
3
0
1
102
3
2
1458
1
1
1
0
102
16333
0
0
6985
16079
2
1
8717
0
20397
1
0
0
7104
0
8230
2
16950
1
4167
8474
1
8229
0
3
6741
9170
5550
0
16478
2
2382
0
0
0
0
2
0
1
1
1
1
1
1
2
2
0
6246
3
0
2
1
2
0
4061
13114
14501
1
1
0
3
3
1
8359
2
1
0
0
1
2
2
0
0
0
16230
2
0
1
1
6246
5294
13120
0
1
5371
0
0
2
0
0
1
2
4061
0
2
2
1
8961
5944
0
1
5034
0
4503
1
3
8717
7543
0
0
0
1
1
16348
0
5550
0
807
2
1
0
28686
1
2
1
3
807
5299
1
1
1
0
2485
4586
0
3
1
0
0
1
0
1
9841
0
16348
0
4
13094
0
7685
0
4586
1
7262
0
0
0
1562
5299
2
1300
1
1
2
1
5873
16230
0
2103
0
1
3984
16701
0
1967
5294
0
0
0
7324
0
0
0
0
6814
0
4953
16701
2
0
3
0
0
0
12822
10577
1
1
6908
0
6908
0
1
0
2
0
3620
2
3
3
16701
0
2
0
2
0
0
5596
0
0
0
5
0
8616
1
2
1
8849
1
14116
1030
0
0
5035
2604
5944
0
1
3211
0
3198
1
0
1
1
0
0
3
7928
3984
0
0
2
8831
1
5299
1
1
0
7928
1
1
1
0
0
0
3211
1
0
6050
0
0
0
0
0
3
7018
8965
0
3
0
5873
1030
0
8849
2
4
2
18972
0
0
2
1
16088
0
1
2
0
4876
2
3
0
1
0
8981
1
0
1
4
2
0
2430
1
0
0
0
8965
0
1
8808
1
4
0
12785
0
7763
16088
0
0
0
5
0
0
1942
0
2
2
12785
0
2
6690
20551
3
2
2849
1
2
2
0
1
0
2
6684
0
1445
5336
0
0
2
0
1
4
0
2
7072
1
0
7629
0
0
0
1
2
1
1
2
8492
1
2
9593
3
0
1
2
1
0
3854
3
1
0
0
0
4922
0
0
0
2430
0
12193
0
1
0
0
0
1
1
7072
1
6332
1
170
2
6780
0
13247
4646
9322
3
2
1
4844
27012
0
0
0
8699
0
1
0
11970
7506
5319
22506
0
0
8605
1
2
5878
8141
6620
0
11387
15504
11319
0
9369
1
0
0
9455
0
4637
1
1285
13154
0
1
1
1339
3
1
8303
0
10116
0
832
1
0
0
15010
12091
0
0
0
1
0
1
3
0
0
1
1
2714
1949
5878
0
7688
2
3
7484
22506
0
7952
2
39
170
1
39
0
4637
0
1999
0
12112
1
4077
15822
0
1
1
9245
0
0
3
3331
0
0
2
0
0
0
7688
3331
0
1
1424
1
1
2
4637
1
2
0
0
0
1
1
0
15010
1
1
7293
1
1
1
423
7403
1
0
7347
9681
2
2190
1
5
0
1
7952
7347
0
7403
2
1
2
9642
3
1
7952
0
0
2
3
13318
0
1
3
10273
2737
2
2
1
0
5
0
0
0
7130
2
13318
2
0
3
1
5120
4322
0
4790
1
6708
4017
0
3
14989
1
8981
2
2
1196
2
0
6447
0
1
9879
2
1
0
7705
0
2
2
5124
0
3937
1
1
0
2
0
2
3
3937
6408
0
0
1
0
1
8981
0
1
10401
0
0
1
0
9360
4017
0
2
0
0
0
1149
8236
0
0
0
0
6708
3
1
2
0
0
1
2
230
0
6420
3
1
1
1
3399
1285
10340
9660
1285
175
0
2
8981
497
10340
2
1
0
1257
3
2
7718
8193
0
0
7347
0
1
7233
2
0
6708
0
1
6773
2
0
2
0
0
0
0
4901
0
1
9953
1
2
2598
7233
2436
2
0
0
0
1
3399
1
9360
1
849
6708
16490
1
12211
1
1
0
0
303
0
6275
7705
2
0
0
0
1
9247
12211
16490
0
1
1
0
0
1
0
1
2
1
0
3238
19545
0
2
18129
0
0
1
3238
16490
2
17375
5
0
5601
965
0
26295
0
8285
7718
1
2
11921
2
0
8367
0
2
2
0
0
7140
1
1
0
5375
1
0
1
0
3
1
1
19702
0
0
0
4
2
1
0
0
4649
2436
2
7344
0
1
0
0
1
1
1
1
